<?xml version="1.0" encoding="UTF-8" standalone="no"?>
<svg xmlns="http://www.w3.org/2000/svg"
     xmlns:svg="http://www.w3.org/2000/svg"
     version="1.1"
     width="1.83333in" height="1.44444in"
     viewBox="0 0 132 104">
  <path id="path1"
        fill="none" stroke="black" stroke-width="1"
        d="M 91.91,23.16
           C 90.96,21.94 103.61,11.21 106.13,14.45
             114.07,15.68 106.49,31.93 103.90,31.53
             101.87,42.03 77.43,75.10 78.97,67.12
             76.75,69.71 90.97,75.37 92.22,73.90
             96.41,75.43 107.74,68.41 107.18,68.42
             109.75,70.97 88.02,90.49 83.93,86.95
             82.72,88.15 51.45,76.09 57.73,69.87
             57.57,66.76 91.66,18.32 91.91,23.16 Z">
        <title>Downstroke Outline</title>
  </path>
  <path id="path2"
        fill="none" stroke="black" stroke-width="1"
        d="M 87.61,37.96
           C 90.61,39.75 102.82,24.65 100.02,22.98
             97.03,25.90 64.18,76.16 71.55,68.92
             65.30,79.23 82.65,84.17 83.47,82.79
             85.15,85.13 103.10,77.45 101.22,74.84">
        <title>Downstroke</title>
  </path>
  <path id="path3"
        fill="none" stroke="black" stroke-width="1"
        d="M 34.38,38.11
           C 28.37,36.54 3.88,80.57 11.98,82.67
             9.69,100.01 63.34,79.27 70.33,70.09
             95.55,67.32 108.36,12.22 83.46,15.00
             82.44,5.06 32.41,19.02 34.38,38.11 Z">
        <title>Outer</title>
  </path>
  <path id="path4"
        fill="none" stroke="black" stroke-width="1"
        d="M 79.36,26.67
           C 78.28,17.57 44.44,34.46 45.65,44.66
             39.60,45.78 24.26,76.14 31.54,74.79
             30.35,81.54 62.78,65.93 63.48,62.85
             71.89,60.99 88.12,26.30 81.06,27.39">
        <title>Inner</title>
  </path>
</svg>
