<?xml version="1.0" encoding="UTF-8" standalone="no"?>
<svg xmlns="http://www.w3.org/2000/svg"
     xmlns:svg="http://www.w3.org/2000/svg"
     version="1.1"
     width="3.38889in" height="3.88889in"
     viewBox="0 0 244 280">
  <path id="path1"
        fill="none" stroke="black" stroke-width="1"
        d="M 160.93,56.63
           C 159.83,56.16 188.03,20.77 188.46,21.57
             190.04,15.44 211.78,1.41 209.76,11.61
             217.91,8.61 216.30,25.91 213.46,26.96
             214.55,27.10 199.51,54.19 196.15,53.74
             196.59,56.83 167.62,86.14 167.40,84.60
             172.33,88.96 151.79,103.19 149.48,101.56
             148.26,103.26 141.20,101.44 141.40,101.15
             137.94,99.32 137.75,90.70 139.05,91.40
             137.12,89.09 160.66,56.31 160.93,56.63 Z">
        <title>f Bar-Bowl Outer</title>
  </path>
  <path id="path2"
        fill="none" stroke="black" stroke-width="1"
        d="M 148.09,92.57
           C 148.09,92.57 169.72,58.24 169.72,58.24
             170.05,54.77 196.97,24.17 196.60,28.11
             199.79,22.21 205.97,25.18 205.50,26.04
             209.55,27.34 195.60,48.75 193.30,48.01
             192.45,54.71 147.85,94.48 148.09,92.57 Z">
        <title>f Bar-Bowl Inner</title>
  </path>
</svg>
