<?xml version="1.0" encoding="UTF-8" standalone="no"?>
<svg xmlns="http://www.w3.org/2000/svg"
     xmlns:svg="http://www.w3.org/2000/svg"
     version="1.1"
     width="1.94444in" height="2.72222in"
     viewBox="0 0 140 196">
  <path id="path1"
        fill="none" stroke="black" stroke-width="1"
        d="M 99.52,27.61
           C 99.52,27.61 93.87,29.46 93.87,29.46
             91.90,27.52 98.88,20.17 99.39,20.69
             101.16,17.61 116.79,16.29 116.04,17.59
             118.15,15.21 127.19,21.21 120.78,28.76
             103.02,45.51 82.25,70.67 83.67,69.36
             69.50,80.87 51.94,110.35 56.08,107.20
             56.33,107.20 17.11,129.01 17.11,129.01
             12.70,128.76 66.66,67.82 68.08,67.90
             65.90,70.33 94.72,49.63 96.81,47.30
             96.81,47.30 109.99,32.16 109.99,32.16
             112.24,27.99 99.17,26.60 96.91,30.62">
        <title>b Stroke Outline Suggestion</title>
  </path>
  <path id="path2"
        fill="none" stroke="black" stroke-width="1"
        d="M 98.60,25.79
           C 100.19,21.41 118.55,16.67 117.18,20.42
             119.68,33.60 26.49,121.96 33.99,120.26">
        <title>b stroke</title>
  </path>
  <path id="path3"
        fill="none" stroke="black" stroke-width="1"
        d="M 45.85,115.30
           C 45.24,111.96 67.21,102.87 68.23,108.49
             71.92,108.76 74.55,128.90 67.77,128.41
             70.00,128.60 66.55,145.85 64.58,145.69
             62.94,152.05 20.95,180.32 21.05,179.90
             19.14,183.72 2.61,182.36 3.21,181.15
             1.84,183.37 -7.38,170.76 -5.47,167.69
             -11.30,159.33 13.06,132.73 13.12,133.07
             13.12,133.33 45.85,115.30 45.85,115.30 Z">
        <title>b Outer</title>
  </path>
  <path id="path4"
        fill="none" stroke="black" stroke-width="1"
        d="M 50.29,127.74
           C 50.30,125.68 27.38,136.50 27.33,143.51
             26.42,140.61 15.27,151.46 16.84,156.44
             14.79,158.62 14.80,175.38 19.47,170.42
             19.96,172.68 38.99,161.96 38.24,158.56
             38.76,159.91 56.53,141.66 55.28,138.43
             57.05,137.28 56.67,126.56 51.31,129.90">
        <title>b Inner</title>
  </path>
</svg>
