<?xml version="1.0" encoding="UTF-8" standalone="no"?>
<svg xmlns="http://www.w3.org/2000/svg"
     xmlns:svg="http://www.w3.org/2000/svg"
     version="1.1"
     width="1.94444in" height="2.55556in"
     viewBox="0 0 140 184">
  <path id="path1"
        fill="none" stroke="black" stroke-width="1"
        d="M 25.18,106.21
           C 23.77,105.01 73.61,38.78 73.69,38.85
             73.69,38.85 101.37,9.68 101.37,9.68
             102.08,4.69 121.19,0.79 120.27,7.23
             126.20,9.74 119.48,26.07 117.28,25.14
             114.74,32.19 85.21,69.05 86.98,65.79
             77.17,81.05 45.56,108.97 46.76,107.26
             48.15,110.72 30.79,123.39 29.62,120.46
             25.69,122.85 22.53,107.82 25.18,106.21 Z">
        <title>b Bar-Bowl Outer</title>
  </path>
  <path id="path2"
        fill="none" stroke="black" stroke-width="1"
        d="M 35.05,108.11
           C 34.41,108.18 71.40,52.07 76.10,51.43
             76.31,51.34 87.77,36.88 95.67,28.40
             99.36,24.44 103.04,22.67 103.04,22.67
             103.04,22.67 106.16,21.42 107.35,22.71
             107.83,23.23 107.02,27.09 107.08,27.09
             107.17,27.09 102.45,34.91 97.66,40.93
             92.42,47.53 87.06,52.39 87.39,52.54
             86.87,58.84 35.62,112.07 36.11,109.52M 93.39,67.82">
        <title>b Bar-Bowl Inner</title>
  </path>
</svg>
