<?xml version="1.0" encoding="UTF-8" standalone="no"?>
<svg xmlns="http://www.w3.org/2000/svg"
     xmlns:svg="http://www.w3.org/2000/svg"
     version="1.1"
     width="4.38889in" height="4.38889in"
     viewBox="0 0 316 316">
  <path id="path1"
        fill="none" stroke="black" stroke-width="1"
        d="M 179.03,41.36
           C 180.10,36.47 209.89,5.33 212.19,9.76
             212.02,8.38 222.83,3.71 224.30,6.95
             227.44,6.34 228.37,22.19 226.45,22.67
             226.12,22.49 209.05,47.44 209.43,47.66
             204.32,50.35 184.97,77.80 184.89,77.76
             182.60,75.59 164.19,101.15 164.96,101.91
             164.19,101.18 153.91,110.15 154.25,109.75
             151.28,110.69 146.32,99.84 146.87,99.46
             141.47,97.67 180.39,43.25 178.56,40.21">
        <title>f Bar-Bowl Outer</title>
  </path>
  <path id="path2"
        fill="none" stroke="black" stroke-width="1"
        d="M 157.54,93.69
           C 155.13,92.39 181.99,52.72 183.87,53.73
             183.22,50.46 206.28,24.87 206.80,26.33
             207.84,23.29 214.76,21.50 214.56,22.43
             220.63,23.09 210.25,39.64 208.40,39.22
             208.40,39.22 187.73,62.65 187.73,62.65
             187.05,66.65 159.25,95.67 159.42,94.67">
        <title>f Bar-Bowl Inner</title>
  </path>
</svg>
