<?xml version="1.0" encoding="UTF-8" standalone="no"?>
<svg xmlns="http://www.w3.org/2000/svg"
     xmlns:svg="http://www.w3.org/2000/svg"
     version="1.1"
     width="4.22222in" height="4.33333in"
     viewBox="0 0 304 312">
  <path id="path1"
        fill="none" stroke="black" stroke-width="1"
        d="M 155.92,69.37
           C 155.84,67.84 213.87,9.54 214.82,11.26
             214.88,10.46 225.79,8.38 225.44,13.21
             226.70,12.97 223.71,28.39 220.31,29.04
             222.98,31.14 196.48,71.56 194.49,69.99
             190.00,79.89 155.24,113.22 155.53,112.58
             155.37,111.65 125.29,132.79 127.99,137.05
             128.15,138.07 114.94,135.02 114.70,133.42
             109.94,124.49 155.16,69.35 155.92,69.37 Z">
        <title>f Bar-Bowl Outer</title>
  </path>
  <path id="path2"
        fill="none" stroke="black" stroke-width="1"
        d="M 130.64,118.74
           C 127.82,116.49 153.66,84.22 153.74,84.23
             151.30,81.76 193.44,42.60 194.06,43.23
             195.86,39.26 203.87,35.93 202.89,38.07
             210.78,41.41 190.30,61.93 189.92,61.77
             189.92,61.77 155.10,100.94 155.10,100.94
             155.10,103.82 131.74,123.83 131.74,122.02">
        <title>f Bar-Bowl Inner</title>
  </path>
</svg>
