<?xml version="1.0" encoding="UTF-8" standalone="no"?>
<svg xmlns="http://www.w3.org/2000/svg"
     xmlns:svg="http://www.w3.org/2000/svg"
     version="1.1"
     width="3.16667in" height="3.72222in"
     viewBox="0 0 228 268">
  <path id="path1"
        fill="none" stroke="black" stroke-width="1"
        d="M 125.85,79.99
           C 125.54,79.77 166.19,33.20 171.08,36.80
             171.63,32.21 180.53,32.41 180.36,35.11
             183.18,37.64 179.74,47.65 178.67,46.63
             178.37,46.64 163.14,64.18 166.87,64.09
             164.98,65.12 151.28,87.08 152.42,86.45
             148.48,85.78 123.93,115.49 124.18,115.75
             124.87,117.56 108.98,127.88 108.31,126.62
             107.67,128.04 99.96,121.15 100.50,118.97
             100.86,105.51 125.88,78.85 125.85,79.99 Z">
        <title>f Bar-Bowl Outer</title>
  </path>
  <path id="path2"
        fill="none" stroke="black" stroke-width="1"
        d="M 108.18,118.18
           C 105.69,117.51 131.76,82.41 133.31,82.16
             133.71,80.01 155.02,60.83 155.27,60.47
             154.59,56.98 166.34,53.29 167.17,54.96
             168.36,56.27 156.04,72.35 154.79,70.87
             155.08,74.09 138.42,91.07 139.24,89.76
             138.12,90.79 122.97,110.03 123.83,109.25
             123.83,109.25 110.19,119.18 110.19,119.18">
        <title>f Bar-Bowl Inner</title>
  </path>
</svg>
